17864325462959487191
16143007004671931597
18052874476358105309
14574062242221337307
18324730367336163041
15407018932342216937
17908712221609216793
13814073631742666981
17722581695834130077
14312932816815150689
14884011383214462317
14713578621226592777
17532413846251691579
17335495295220446129
17855570736839920613
14180704369884430013
17158387338363800981
15835023410410827041
18217370676245176829
15771723498201160439
15820422264425057651
13077760395423724379
14150339607888060869
14070911124337177949
15655758031652816453
13154109765719516249
16660212658485377699
16224898847078410547
18170549136266876747
15202554297382770893
18227839410148745411
17926812638646958121
17905120062129377969
14637118576893109403
18417303710303270117
15250903462207679681
16495579186766411723
14538150860631066407
17158247638930730831
17103412252845163031
17727202166521576613
17455203244850182907
14260643718572039783
13281944507197106981
17244942132521955221
14384287822269937667
15257610589748447471
14716073050526777597
16912164545592251963
13844796545875666361
17700603232235124497
16341641720186089907
16759633658290810061
15479957647642431323
18220517639268144521
13089894152537224661
13947158544713711579
13370919542640605009
16903513413897665189
15948820346859285287
16375041048345754919
14442281571210952211
15235144911747890159
13235026795692607931
16730337704198686439
15514187717694196121
16409921353267429133
13063403977196043491
17749442149934864561
16996994701592536937
15545947766426032811
15012537179424999587
17767629515668843961
14362338719692941899
18330152337704261297
14867644601764689557
15718657914267463763
15060943820290641257
17651931327271876949
13669380324165259061
18302822967233296337
15336339923140563113
17746824771572965589
13485682404131662211
16806882543821906183
13820552907509382611
16998146125243043843
14509547733675132449
16586133487350803777
15092311041803753573
18225102736914167621
15609839169051940649
17322627432246548057
16570780736781189929
17122229219520123659
15378035833002687071
17114530740107930639
14631064480259888099
18213514814451564833
17188366086628668377
14182605995300413787
13610766408877221611
16041138843177188849
15380045009940888209
16648818971457869783
16335593192579647817
16502615634762448493
16053032243080726331
17502224197289266067
15891509537267626331
14802280584598631867
13779724530840441461
17129806243558450367
15901688170760451173
16578079615565453651
13397480765135791949
16860273525311010719
15590595440971937627
17417526402634672823
14562585007805028239
17937902080618523909
16728711841216386071
17805405429651306221
15266294003266104329
17290940269518527567
13766709469131551951
17974361655379085909
16964613636705729647
17629644557969674757
14184864136769390369
16443590103366831623
14093232610711240361
18214262246687346491
14196211935321650987
15001374776688100481
14610340492106257727
17634078907774189829
13550099031972812297
16856601775005334919
14224952699068729913
16702206527843685461
16199628154810187957
18122821605428738579
15585416795375105117
13921596172872623267
13821421125862206383
13929550959650442653
13208445300667072583
16258225993731182729
15109075744476525947
15963526264143261701
14699086666265970239
18086916122038863479
15603390232198959857
15683515824827452067
15651707773936649069
17048876124473599859
14196387797269659221
16154924934047957327
15258036703234480853
16481518531608328817
14575249717287865091
15511620094966195199
13676842634824224071
18092514997142919131
15853047054711829997
16842421462596504413
13957969738053712619
14906100713352173621
14641874989235432921
17377155973586988503
13377253446468442121
18046003337937211067
17967659653719801359
16966618977906225779
15815583154283030171
15097931040471875501
14284211457719535779
17623214160051103607
14138568314588018471
17904706713888286697
17621086158744827813
16904188353138348797
13780029805072370417
18319259552248527659
15634198337187590861
18238226329084585721
16609545575935532219
16396191465002798909
15989714197831834121
15111960347947094549
15075738986401186871
16224893036493558047
13417048990568285591
15831154396394267837
14201027874414304373
17186258528687220977
14976170128909323809
17942354752483380113
15000502612098227093
16735236170050953473
15961144248413163809
17629485083150212007
15462926250253655573
14840769635648533817
14479052728175828537
15137166900016150751
14517479464642213529
17960747591676423713
16161853917914580401
16358404822956320057
15799786391534848709
18186557859367893617
16826312036401580201
16535133644498247509
15010188509567301539
17091456990251898197
13920615524553756269
15274227245397362939
13940545746809480423
18193251111771551273
13686427389554971973
18044180591412288779
17425384904393015591
14587619488624347911
13364210084218426127
17989038772278114869
14805515045623069589
17630326987395095411
14341412807459989751
14764965291793077617
13297365991463868497
17392805722940782703
16603840657084857083
17480681347938764099
14860053472102653161
16967593112428363331
16613566234900609511
14813117651520610703
13864586891721366839
16197570429272760779
15977950601737477799
17760074598020324153
16471556379368538731
17408558267440880039
17268391631834243489
17078003190695873609
16208405222570420159
13994057429405389241
13940174264070547589
16914211479367459889
15794908982450149757
16656038752998965717
14942309727701419691
17741303575955117069
13456038523925364317
18110056511657069513
13112269445297811869
18433222450884915887
18343047837965197673
14661552735660523211
13634824490459848589
15891935650091730431
15345503859164804153
18055034216013136019
15624796775163927971
14470005196869904919
13632215298228056507
16573262938046819369
13554512628835514411
15992537107166609651
15345070427380860533
16633886607887309867
15970348748956280807
15554463717775841681
13428697593495483773
17954481477689398979
16367381801363968253
18318900187055825033
16886579688988460531
17621219212225313507
16747315112657174057
16236967176538402979
15042867022924591973
16084575693775473329
13084778964860686541
16434472443642565679
15559408444831380497
17854263157989766169
13530131036163974333
16962297441310588769
13230614919657786641
16123107553275855911
13347379961325907697
14874426169916077283
13767398834620050371
18245994336409974779
13136030554448069273
17164821492829057037
13634569516285825313
18311496184006874831
16523480714205049679
17410750689834073571
14845715430089939063
14732753193058716479
14211746727753333617
14418306270990162269
14172042802628600009
18109645115274326129
15928925744301968963
16055787286678655387
15770643507905707451
16046585747911304477
14975294718014495717
16081218327311070419
13510931432609660369
15800082567029433989
14923159230926213459
16632492139668636233
14218542031599382313
18271695680458880813
13122797912587203227
14335425073743417947
13750414886435426009
17373340127727324959
14606866905889659977
15180890174952653303
14516321017147252517
18443334566169986861
17722211924335429913
17146743021854109779
13300497345882883733
16724590411213413761
13048578500876404163
16438516782447172559
14547054370916724521
14843560749458600183
14818392398025113231
17243686679778316517
16384843432729009193
15680297643493149119
14183163145258768679
15555818093578506941
14358844174445489099
16265740545266570249
16251398189761799159
16880426516493975641
16341562002482344583
17822404404395600063
17250221125453345979
17728889019104276963
13663818831742334597
14713035932461474319
14107242977147271209
18419883885705594161
14214036374866312121
15666140728819003307
13612196034798223013
16764466104462096803
16529130223733325059
17274260489915255117
17218097979476553431
17296085352062143217
13552038605748337367
14013003571922640707
13544783429854805099
16479149248395398519
15458139174813621659
15010888023845680313
13664423204689468889
17613309778328137859
17061433462525264853
16509310507039380707
13227046759384798913
16651740800983312763
13877973377098272329
14162020404201193913
13697704502044896779
15713624200588823129
14957346806859662333
17794535712355842359
16328122716480811589
15635778872157377891
13248076343988944111
16452819746023812323
15063905923202161523
14667232200249164663
14434690128129335501
14159998928152003673
13798870219577602613
16402251412030470941
15558522420694427591
16978239999182413463
16861136390781856457
17624943336019048091
15543739502637277619
15796232970294972731
13834098510984937763
17697147153139458107
13274356708670277599
16839061512045121697
14119960855388250251
17548038073310790047
15622377026403015857
15486741308136758441
13615043760625257719
16934443721255266013
16816960697522231723
13922317278871657583
13630961297203192469
15986888620916239001
14018999567267457743
18241626714021564143
17774672882503239071
18430051867250756927
16679860217422343639
15047800162634194493
14598457392799116959
18153743924854047599
16602609331586199641
17066742767577227429
13700201647478822843
15005204771093861873
13995920851606049189
18256348464096302363
16418815012127801123
16656409348131104633
16511330261308200431
16824495430382351303
15831782601786306803
14675678362566052289
13483494323731234967
17461880714403232649
16809722392751750723
15758392316278309721
13339437577707467819
16551495736903420277
14697177359873951417
15452640634514620157
14045368079007653873
15363207591893977721
14914682072590689227
17105709320201074229
14671253922824252927
17723766830174811149
14051065968765371243
17968581036337944923
14718738558909172583
15282664636598116907
14295080159758772039
16086809826038188577
13598992406797523987
16015557365118197561
14177721999518923253
17453971811712708893
17158015526553137861
17993922668335357109
15892537005351354017
18066620878876004537
15545608305057938663
16913025702681253421
13119443557137272237
15838489334479732451
14904553846182596471
16943114833473955727
15907001431438276193
15526506410063105741
14862345845479674389
18142878633482905583
16557066109159745699
14570150177110949669
14066720212790439167
17588146543470561437
15057084720015418361
15712201729311139961
15078038851649467217
17666603192100760589
17649024471297030407
15182286843805629521
13091331309258523817
16079075609099002229
14996601251696415011
17975979541375739969
17338849946197687067
18393728292000554321
14543516130188801687
18037624821890234243
17016593799620069183
17987695639402326179
16302688948963727561
16709240333500191941
16442625917503828013
17778883317071846699
17637365324857928021
14643365928216894989
13385520061703102153
16207444933887360029
13751608672637164451
16919348163074251589
14310595021695971939
16512636514871128409
14283517802379150587
17504463487882856717
16536742648953769553
18264134969591511653
16168209739361375621
14632949217355921211
14389842595317789167
18300610581842594939
16810636578629737079
16042722285393129533
13654176380604307967
17318349038803311143
15448109016407800937
16434912348351068801
13758993453044425871
16043481628773703229
15325417754064882917
15735358058195152121
15246096301051913837
14655402195663091337
13724415614393149217
16739652582323763791
15568355912150364383
16180408523495722697
13048349011109259593
18443451749160239573
14871898064520986843
14708112443095981673
14313493154362021391
18392294934065654669
13204177995184595117
16010808833979549719
13889222723480023211
17909377058098188623
17664912221646822173
18380374743613450619
15639918152261210879
13376788358580991061
13248818451183754259
18103730158555419503
15925120134770967773
15876735993641340821
15142985738237646053
16523500886332823183
13947741532951740167
18032852316901230797
16859081424651538571
16459180537785533063
15335381237119242461
18429972648651816089
18198270522936439427
17666236582226920529
13594125353210406113
16766193850451897531
14118701164455940799
16582238499841418843
14545167338139011729
18439174223067185129
14049828134041944581
15618175425050103377
14954419881391764749
17575419341993457389
14764663202593805219
18195803677713942713
16475033270769954059
15192123483638098937
13879759403133211631
18242339403264783329
17431372250335067327
18263124983262460031
15984248626533821873
16262334501665212607
13672838441721151727
16966541519080069793
15404014031077404041
15128314208183952431
14415661003893360443
17020397751623917979
15162203326915918409
16771858611526567421
13232955798368398439
18219703387486161251
13400262582928523777
17348142045383343011
13613100995383233761
16893333382770579641
13227204447238739927
15543764745102218633
13404102144239370701
16985696697849806411
13051009321912214453
14519421098951718611
14318123112983320811
17693347182467335817
14685529813425897137
14725416287551475027
13578806211735117929
17618756712880458749
15033959887483908113
16417190620115770649
14086889153818881839
16249215992093601917
14370673642202526851
17133791861315479949
16751916749219065481
18271925328877175027
16196374442249273339
16001871017115063701
13484904442382771501
16848281861094832223
14836839388895364983
15183160583916068321
13874883635187938339
17297363444022304661
13330488636868584683
16147559547953036417
15591264048348027359
17634749821670050229
13721427072834708191
18369094600175585813
13465992516693557447
16425444751135238447
15852463222574636459
17148027038167557683
13768693954605270839
18163575955537094501
17542835687789789513
15353903354465209643
13107841871868122891
15535634533736459033
13149502278586923401
18011115579671558129
16871908933480288703
17120766755435113301
14723068125807556121
17242363895915597141
17084030059143457217
17422804483789651577
16237825503958730201
16503620875536611429
15291186423075047249
18395121302195260577
15843846661868680391
15444028655396312399
13445644029705158099
16760161201083214571
13256523062478004343
16738021796687392067
16347509433849364187
17587324933105171229
13375226716098356567
17833480659889945769
17667231464882400773
17244288919582484777
13745350486819659077
17412406798627533149
14912413998172259531
14515862205058166219
13243822175196671327
14498374701057069899
14440937073845533817
17604694186324440101
13310164875778341959
17367119935201670471
14494199748183388469
15869054102002831727
14820536898623338583
14082605983954906943
13819658336607298607
15908238210031586219
14191111091186051213
17314268056103740181
13512042835337854559
17491915298198806139
15298635046241367671
17137863044494700513
16541041659099708833
15622272362201021477
14909419275524806463
15750357127630940219
15440361957650634413
16392684049584568541
14791515068912804657
15902527795268325209
14831220817099800341
18124794921915627221
13547204419926821201
13887114974601922103
13467004381904984201
17484120703634236229
15456161720862554243
14607336804628184147
14191980470541873761
18347410934985311261
14298770520471428291
17171975871060808373
14629187031658774703
16991134068129442721
16813832721447503141
15513983231688090899
14891468104279675541
14749712719014727217
14315621953283607161
16110469826852818223
14425474543829828111
15494307065678828633
13439356576861973873
15100450967106117359
14798125300107559079
14879573194989377951
14566167585339459449
15334183431524735783
14095589313802432487
18016540697742988613
15708483228258348989
18019113318056660141
14513265938685992249
17613206689151399771
14567090123057083967
16136090489631927239
14249644381361263019
16255114955728260089
14981502317757823217
15404840457110413871
14203618388756549747
18077987377365629543
13206420179331366101
18420287444272377887
15204121030196145143
17038849182964330937
13621090053124514789
17578530218444710499
15006696714836555849
16482817957974765533
14660151086124876041
16406892491150182643
13832527394214636659
18059874448399504043
14233277627683286399
16090131418437787157
14229762008558685857
17326612651829490467
13072823195622516947
17331312744445605179
15174746965414988387
17111407415861877341
13692429702980031677
17469077488257202967
14685508007577654239
16303696195911602837
13858141810410700469
16088166834739890551
14164081133424504959
17086328419699867283
13246935155806494203
18446715706841219081
15212377193751797141
18040954717130243477
15864182244309884099
15869451170611499093
13627248271593924563
17340837742702011731
13561970534871648059
15808304205702497039
14228993579515780661
18343212834661719971
17807157793364144213
16698559508469209471
14313474305702488703
17711940958947783641
14632268002612014371
15706046452086348437
13503865736517996857
17522745794448992423
13767137425183696361
16323411818416231547
15979191490529474861
18064883702647920119
17073676110022004783
17803560134641838567
14144244638280316877
17234932638183375347
17102577333023868641
16157692105785284543
16154283007433084627
17783087632557763811
16744922533285829777
17869592770328346161
14980124757361144907
14446341476932726199
14292690594713254133
17173062791108690303
13094439749537259167
17481569051464391903
14687811707944942121
17215343047127765429
15089713151517429647
16299724206385637621
15335212085324345483
18314108097506986757
13526646209154609887
16850397876124981229
14491154997229818473
18294614864487520697
16438241317892995877
15830771298320825141
13100627003336741027
14226571758399457151
13678509991858612679
13505752562808006689
13346725709034485123
18419978918447323331
14927962967491201181
18358973241604908611
13979407409699901563
18328653526355108567
18250699410627370199
14579446762479342131
14422250538825340007
16361011460474644529
14694290039083710191
18445650001677105629
13061279364896398043
17012499791447364641
16000347285143474489
14523364790935630517
13453649659536404189
18029889817541107097
13777599612057447389
15911092341096612041
14479581946923811727
18308211253736672867
13354718137555244627
15454265056643698349
14212632359063321549
17434706354637359549
13899264119277055361
16855337097077820017
14248058216968760771
15979077910459804781
14447708301382533239
17205882277521816539
15753489418610352581
18300396618077839043
16622396322458169647
17698047519625553987
14344153601480693051
17487852412048854761
16951286967054287597
16168016102526876317
14844256068527834681
14811263131237159253
13262208494324264249
16746903781870692581
14956324474070173457
18001676487906439121
15784923251704659671
17613574667409436523
16633238156352562751
17542178479673709821
16387954009400977517
15443580233106272693
14801902046438143751
15589904549948306351
15272627004651988451
16829080157037376337
15379897460121824387
16025238245343885461
13415571593291354939
17739403151267994461
13103595295275263081
18423681963457984049
14659515059645931647
15877276970957027321
14173516432184693057
16623942195269381759
14160032340605130983
16023216656987137553
13390840987339188671
15391635929126133329
13787049436603655183
17227965284770577399
15231845567964038753
13897420226907789839
13873694164611468179
17288295084265970267
15027608993774805797
15843629750646537803
15415655449696984241
17828380682003093399
15413590839542936597
13755565033607081777
13538265223861460597
16176333006368508977
13208054563591736897
17598514634944988273
15401687593509448109
15908942020675919921
14842128985550514233
18280979301806417369
13329801033839130887
17735693174319448799
16191500031044302121
15826826022943430921
14073368130937117127
14909564013514703711
13391193464889811787
13359772585594833191
13284105180566530157
16943179052828219777
13083418659408239627
14256506245344854489
13519946620826879963
16720612105853456057
15677736588981224027
17073778348263662411
16657887511130317013
17538294468114566789
15912040663157802179
17459725847196929789
17125684850873989781
17932612243794943151
15267983535074863553
18223053842823645611
15584682864618586583
15351755762768635871
14921658977757096779
14745461824580488607
14718964591263903233
18050117172764534621
15044383812283103591
16461350934901153031
13231744684341161333
14271432859707689273
13167863018646260567
18130699462586292761
17635805568358251359
17021678657370181307
13205729347049610869
15635865398187020219
14042074032325318241
18032467718066871119
13235234455358673869
17684885733845285663
16156361236230515711
15665675015322949649
13124838431768886941
17824337389709950313
13436874754347134609
18023097698269333889
13870694887062655979
13339843852687566593
13283491845340410041
17843128177518327659
15987063881344081049
17765793609197729729
17377409081587641881
15456354072537432437
13511046359214049337
16124956630172040611
14193957115632446003
17417762476855529291
15976332650917296389
17585605425049518719
14258096665923437729
15990709654443024269
15251745267184118207
15536737335200545811
15345392032287855173
16490665334057100983
14262398112881059727
17945113925842670909
15318910848179324189
18256816513098118793
18159559150288814117
15281377111518479459
13126119582485294747
15070468704800294111
13165544572799294813
15716201070205753487
15697014215730083147
14770791057407842739
13163166454613365823
18275906560615972379
17598665695065037229
14129178629212926443
13287452802685669493
17430937628920948997
17238345347384152139
16908367780640980067
15101203589209286231
18258729207001846397
15200578915083932639
14480676643026587921
14351261582044989929
14801326573114044671
14619542703455278961
18173762848339608131
14821020755739271457
