17594063653378370033
15251864654563933379
15478025029411271051
13093242683053507757
17255772214437812387
13594377365157167591
14905196065791336479
13461975005817885299
17097552163186687163
14172487558648758881
14418546220776850769
14313848949480647561
15924044620836261863
13501671604318434917
17820460755890939063
17445671360021848133
15884831866919023751
15580628728728227639
16212524047172827043
15222305672434375379
18258810549587053409
14372605337245033139
17754079872975852311
16076303589562350779
13968561173771539319
13891723581520630871
17065988292012563573
15465589020676068293
17660895577045853897
17081771878274273411
15699496194432191399
15161536669378785689
17733933391444864019
14072752989770247761
17662915398544153511
15919449148782882161
17623090368397713497
13255178723413947371
16403963102044746419
13774740779788040567
17118620693775480197
13906170836783222441
17417743552736068211
14823800660471867171
18126295379035474853
16589727526596148931
17623028244872090057
13513898336569680209
17913353703331443989
17358297053804869931
17332619005130646179
15344733097341030329
16301380789734816173
14627776858009091951
18347590314105816593
17525349367730104127
14536377435494826671
14470468231460130191
18325997857595215829
15834895114596614981
18182699471635965977
15159584905303918133
17423508866681634593
13920997937712016301
17435805530678689331
15426175180537983773
15719870979956896217
14895791004566002589
17870992317827412941
15327042426513885581
16873128058444080893
16329460480855195379
18136084906386288893
13815057208628570819
17487748722007183811
15784500971789402273
16393703732183203133
15535135985095568027
18214170371681119259
13408136329599062057
17141432850443983673
13915941315986444807
16564011863231706323
16072432282100798759
15777766019653630451
14242007452076250953
17361173777800356851
16424080201819372799
17192046484499961071
13392947923872349793
17978426117605831343
13600278395622351779
17257385959424968979
16727373136375754591
17944941107311995599
13063730173553425823
17732398490808060281
17121249104663118497
18271811223808226813
13862697331672238087
